RemoveBuildingForPlayer(playerid, 5340, 2644.8594, -2039.2344, 14.0391, 0.25);
RemoveBuildingForPlayer(playerid, 5856, 1024.9844, -1029.3516, 33.1953, 0.25);
RemoveBuildingForPlayer(playerid, 5779, 1041.3516, -1025.9297, 32.6719, 0.25);
RemoveBuildingForPlayer(playerid, 6400, 488.2813, -1734.6953, 12.3906, 0.25);
RemoveBuildingForPlayer(playerid, 11313, -1935.8594, 239.5313, 35.3516, 0.25);
RemoveBuildingForPlayer(playerid, 11319, -1904.5313, 277.8984, 42.9531, 0.25);
RemoveBuildingForPlayer(playerid, 13028, 720.0156, -462.5234, 16.8594, 0.25);
CreateObject(971, 488.18411, -1735.24255, 11.29970,   0.00000, 0.00000, -187.70000);
CreateObject(971, 1025.92432, -1029.41797, 32.30740,   0.00000, 0.00000, 0.00000);
CreateObject(971, 1042.46362, -1026.03479, 32.30480,   0.00000, 0.00000, 0.00000);
CreateObject(971, 2644.86938, -2039.24756, 12.86120,   0.00000, 0.00000, 0.00000);
CreateObject(971, -1904.90796, 277.84940, 43.23490,   0.00000, 0.00000, 0.00000);
CreateObject(971, -1936.06311, 239.48070, 35.07440,   0.00000, 0.00000, 0.00000);
CreateObject(971, 720.04688, -462.58450, 17.27630,   0.00000, 0.00000, 0.00000);
