RemoveBuildingForPlayer(playerid, 3778, 337.4531, -1875.0000, 3.4063, 0.25);// remove tempat penjaga pantai
RemoveBuildingForPlayer(playerid, 3615, 337.4531, -1875.0000, 3.4063, 0.25);
CreateObject(18850, 335.90198, -1858.20313, -7.23910,   0.00000, 0.00000, -90.56000); // helipadnya
CreateObject(8613, 320.48840, -1838.97424, 1.63680,   0.00000, 0.00000, -134.70000);// tangga
CreateObject(2909, 336.13571, -1842.01709, 6.06150,   0.00000, 0.00000, -90.80000);// pagarnya
CreateObject(2909, 327.80383, -1841.87915, 6.06150,   0.00000, 0.00000, -90.80000);
CreateObject(2909, 344.42868, -1842.12891, 6.06150,   0.00000, 0.00000, -90.80000);
CreateObject(2909, 350.35538, -1844.04224, 6.06150,   0.00000, 0.00000, 43.68000);
CreateObject(2909, 352.26443, -1850.61633, 6.06150,   0.00000, 0.00000, -0.44000);
CreateObject(2909, 352.16650, -1859.08679, 6.06150,   0.00000, 0.00000, -0.44000);
CreateObject(2909, 352.10446, -1866.55225, 6.06150,   0.00000, 0.00000, -0.44000);
CreateObject(2909, 321.42786, -1872.50085, 6.06150,   0.00000, 0.00000, 43.68000);
CreateObject(2909, 327.43622, -1874.27905, 6.06150,   0.00000, 0.00000, -90.80000);
CreateObject(2909, 335.70828, -1874.41504, 6.06150,   0.00000, 0.00000, -90.80000);
CreateObject(2909, 343.93256, -1874.49207, 6.06150,   0.00000, 0.00000, -90.80000);
CreateObject(2909, 350.11823, -1872.69958, 6.06150,   0.00000, 0.00000, -45.44000);
CreateObject(2909, 319.67407, -1866.34753, 6.06150,   0.00000, 0.00000, -0.44000);
CreateObject(2909, 319.78229, -1858.05920, 6.06150,   0.00000, 0.00000, -0.44000);
CreateObject(2909, 319.83771, -1849.61780, 6.06150,   0.00000, 0.00000, -0.44000);
//created by bernz
