RemoveBuildingForPlayer(playerid, 11371, -2028.1328, -111.2734, 36.1328, 0.25);
RemoveBuildingForPlayer(playerid, 11372, -2076.4375, -107.9297, 36.9688, 0.25);
RemoveBuildingForPlayer(playerid, 1278, -2094.3438, -237.4609, 48.3516, 0.25);
RemoveBuildingForPlayer(playerid, 1278, -2097.6797, -178.2344, 48.3516, 0.25);
RemoveBuildingForPlayer(playerid, 1278, -2094.3438, -143.1953, 48.3516, 0.25);
RemoveBuildingForPlayer(playerid, 11099, -2056.9922, -184.5469, 34.4141, 0.25);
RemoveBuildingForPlayer(playerid, 1497, -2029.0156, -120.0625, 34.2578, 0.25);
RemoveBuildingForPlayer(playerid, 11015, -2028.1328, -111.2734, 36.1328, 0.25);
RemoveBuildingForPlayer(playerid, 11014, -2076.4375, -107.9297, 36.9688, 0.25);
RemoveBuildingForPlayer(playerid, 1532, -2025.8281, -102.4688, 34.2734, 0.25);
CreateObject(19124, -2036.27124, -212.85950, 34.85840,   0.00000, 0.00000, 0.00000);
CreateObject(19124, -2026.65161, -212.85950, 34.85840,   0.00000, 0.00000, 0.00000);
CreateObject(18761, -2031.36707, -170.64510, 39.32010,   0.00000, 0.00000, 0.00000);
CreateObject(19124, -2026.46094, -203.77950, 34.85840,   0.00000, 0.00000, 0.00000);
CreateObject(19124, -2036.30969, -203.82341, 34.85840,   0.00000, 0.00000, 0.00000);
CreateObject(19124, -2026.65161, -220.27950, 34.85840,   0.00000, 0.00000, 0.00000);
CreateObject(19124, -2036.30786, -221.96988, 34.85840,   0.00000, 0.00000, 0.00000);
CreateObject(19124, -2023.39233, -226.15794, 34.85840,   0.00000, 0.00000, 0.00000);
CreateObject(19124, -2032.51123, -229.35950, 34.85840,   0.00000, 0.00000, 0.00000);
CreateObject(19124, -2036.30969, -196.04340, 34.85840,   0.00000, 0.00000, 0.00000);
CreateObject(19124, -2026.46094, -196.04340, 34.85840,   0.00000, 0.00000, 0.00000);
CreateObject(19124, -2030.39185, -235.11174, 34.85840,   0.00000, 0.00000, 0.00000);
CreateObject(19124, -2019.31006, -231.81097, 34.85840,   0.00000, 0.00000, 0.00000);
CreateObject(19124, -2015.08447, -238.29988, 34.85840,   0.00000, 0.00000, 0.00000);
CreateObject(19124, -2026.10730, -240.72551, 34.85840,   0.00000, 0.00000, 0.00000);
CreateObject(19124, -2012.59216, -247.15192, 34.85840,   0.00000, 0.00000, 0.00000);
CreateObject(19124, -2025.10925, -247.95946, 34.85840,   0.00000, 0.00000, 0.00000);
CreateObject(19124, -2015.90576, -257.80649, 34.85840,   0.00000, 0.00000, 0.00000);
CreateObject(19124, -2028.41809, -253.80844, 34.85840,   0.00000, 0.00000, 0.00000);
CreateObject(8843, -2030.96179, -205.23750, 34.33580,   0.00000, 0.00000, 180.00000);
CreateObject(8843, -2024.46143, -233.01477, 34.33580,   0.00000, 0.00000, 210.12000);
CreateObject(19124, -2025.84363, -272.12857, 34.85840,   0.00000, 0.00000, 0.00000);
CreateObject(19124, -2032.86890, -257.48993, 34.85840,   0.00000, 0.00000, 0.00000);
CreateObject(19124, -2036.73303, -258.44388, 34.85840,   0.00000, 0.00000, 0.00000);
CreateObject(19124, -2019.37598, -265.17105, 34.85840,   0.00000, 0.00000, 0.00000);
CreateObject(19124, -2036.30969, -186.04340, 34.85840,   0.00000, 0.00000, 0.00000);
CreateObject(19124, -2026.46094, -186.04340, 34.85840,   0.00000, 0.00000, 0.00000);
CreateObject(8843, -2030.96179, -181.11749, 34.33580,   0.00000, 0.00000, 180.00000);
CreateObject(19124, -2035.13855, -274.87747, 34.85840,   0.00000, 0.00000, 0.00000);
CreateObject(19124, -2042.59802, -272.56921, 34.85840,   0.00000, 0.00000, 0.00000);
CreateObject(19124, -2040.05103, -253.81210, 34.85840,   0.00000, 0.00000, 0.00000);
CreateObject(19124, -2054.39697, -265.01923, 34.85840,   0.00000, 0.00000, 0.00000);
CreateObject(19124, -2037.42041, -245.70892, 34.85840,   0.00000, 0.00000, 0.00000);
CreateObject(19124, -2049.30078, -269.83167, 34.85840,   0.00000, 0.00000, 0.00000);
CreateObject(19124, -2056.30615, -258.16425, 34.85840,   0.00000, 0.00000, 0.00000);
CreateObject(19124, -2054.48315, -251.61201, 34.85840,   0.00000, 0.00000, 0.00000);
CreateObject(19124, -2053.17529, -243.49268, 34.85840,   0.00000, 0.00000, 0.00000);
CreateObject(19124, -2036.57715, -235.65657, 34.85840,   0.00000, 0.00000, 0.00000);
CreateObject(19124, -2039.37292, -227.02589, 34.85840,   0.00000, 0.00000, 0.00000);
CreateObject(19124, -2043.26917, -221.86914, 34.85840,   0.00000, 0.00000, 0.00000);
CreateObject(19124, -2049.43555, -218.28853, 34.85840,   0.00000, 0.00000, 0.00000);
CreateObject(19124, -2059.38062, -217.85619, 34.85840,   0.00000, 0.00000, 0.00000);
CreateObject(19124, -2068.94897, -223.53644, 34.85840,   0.00000, 0.00000, 0.00000);
CreateObject(19124, -2053.46411, -238.10345, 34.85840,   0.00000, 0.00000, 0.00000);
CreateObject(19124, -2056.45776, -237.52921, 34.85840,   0.00000, 0.00000, 0.00000);
CreateObject(19124, -2058.43457, -241.50342, 34.85840,   0.00000, 0.00000, 0.00000);
CreateObject(19124, -2072.85400, -233.71346, 34.85840,   0.00000, 0.00000, 0.00000);
CreateObject(19124, -2059.81592, -248.85646, 34.85840,   0.00000, 0.00000, 0.00000);
CreateObject(19124, -2060.42749, -255.50166, 34.85840,   0.00000, 0.00000, 0.00000);
CreateObject(19124, -2067.07373, -262.80554, 34.85840,   0.00000, 0.00000, 0.00000);
CreateObject(19124, -2076.79395, -264.19681, 34.85840,   0.00000, 0.00000, 0.00000);
CreateObject(19124, -2086.56470, -257.34436, 34.85840,   0.00000, 0.00000, 0.00000);
CreateObject(19124, -2092.84326, -247.41382, 34.85840,   0.00000, 0.00000, 0.00000);
CreateObject(19124, -2093.59277, -239.69772, 34.85840,   0.00000, 0.00000, 0.00000);
CreateObject(19124, -2072.77173, -241.34683, 34.85840,   0.00000, 0.00000, 0.00000);
CreateObject(19124, -2074.32129, -245.27863, 34.85840,   0.00000, 0.00000, 0.00000);
CreateObject(19124, -2075.74243, -240.95735, 34.85840,   0.00000, 0.00000, 0.00000);
CreateObject(19124, -2075.28711, -233.08842, 34.85840,   0.00000, 0.00000, 0.00000);
CreateObject(19124, -2074.21509, -224.77399, 34.85840,   0.00000, 0.00000, 0.00000);
CreateObject(19124, -2089.71313, -227.18941, 34.85840,   0.00000, 0.00000, 0.00000);
CreateObject(19124, -2085.88550, -214.89111, 34.85840,   0.00000, 0.00000, 0.00000);
CreateObject(19124, -2081.63623, -206.29359, 34.85840,   0.00000, 0.00000, 0.00000);
CreateObject(19124, -2066.27661, -217.19466, 34.85840,   0.00000, 0.00000, 0.00000);
CreateObject(19124, -2059.41138, -214.68138, 34.85840,   0.00000, 0.00000, 0.00000);
CreateObject(19124, -2051.15845, -214.11887, 34.85840,   0.00000, 0.00000, 0.00000);
CreateObject(19124, -2045.39709, -210.20235, 34.85840,   0.00000, 0.00000, 0.00000);
CreateObject(19124, -2041.95044, -203.17406, 34.85840,   0.00000, 0.00000, 0.00000);
CreateObject(19124, -2042.55774, -194.56560, 34.85840,   0.00000, 0.00000, 0.00000);
CreateObject(19124, -2043.71948, -188.30341, 34.85840,   0.00000, 0.00000, 0.00000);
CreateObject(19124, -2047.98267, -177.07530, 34.85840,   0.00000, 0.00000, 0.00000);
CreateObject(19124, -2074.78979, -201.40053, 34.85840,   0.00000, 0.00000, 0.00000);
CreateObject(19124, -2068.08838, -199.36122, 34.85840,   0.00000, 0.00000, 0.00000);
CreateObject(19124, -2061.78687, -198.29733, 34.85840,   0.00000, 0.00000, 0.00000);
CreateObject(19124, -2059.39526, -191.91634, 34.85840,   0.00000, 0.00000, 0.00000);
CreateObject(19124, -2060.76440, -185.37674, 34.85840,   0.00000, 0.00000, 0.00000);
CreateObject(19124, -2061.71069, -177.32130, 34.85840,   0.00000, 0.00000, 0.00000);
CreateObject(18761, -2055.08716, -170.64510, 39.32010,   0.00000, 0.00000, 0.00000);
CreateObject(8843, -2044.56445, -259.86993, 34.33580,   -0.38000, 0.00000, 40.44000);
CreateObject(8843, -2047.09912, -244.34230, 34.33580,   0.00000, 0.00000, -0.50000);
CreateObject(8843, -2044.88708, -231.66884, 34.33580,   0.30000, 0.00000, 60.48000);
CreateObject(8843, -2055.48169, -226.06322, 34.33580,   0.30000, 0.00000, 120.48000);
CreateObject(8843, -2063.56396, -234.26590, 34.33580,   0.30000, 0.00000, 168.28000);
CreateObject(8843, -2063.58032, -249.06406, 34.33580,   0.30000, 0.00000, 120.72000);
CreateObject(8843, -2073.77515, -256.01633, 34.33580,   0.30000, 0.00000, 47.90000);
CreateObject(8843, -2083.51318, -246.27495, 34.33580,   0.30000, 0.00000, 5.90000);
CreateObject(8843, -2083.79663, -230.72095, 34.33580,   0.30000, 0.00000, -20.90000);
CreateObject(8843, -2078.86890, -217.87572, 34.33580,   0.30000, 0.00000, -40.90000);
CreateObject(8843, -2070.13330, -208.88202, 34.33580,   0.30000, 0.00000, -80.90000);
CreateObject(8843, -2056.62012, -207.69882, 34.33580,   0.30000, 0.00000, -40.82000);
CreateObject(8843, -2048.63208, -194.69987, 34.33580,   0.30000, 0.00000, 20.90000);
CreateObject(8843, -2055.06006, -182.26094, 34.33580,   0.30000, 0.00000, 0.90000);
CreateObject(18766, -2024.10291, -103.03230, 36.19140,   0.00000, 0.00000, 0.00000);
CreateObject(18766, -2024.12830, -102.97553, 38.07140,   0.00000, 0.00000, 0.00000);
CreateObject(18766, -2030.60291, -103.01230, 36.19140,   0.00000, 0.00000, 0.00000);
CreateObject(18766, -2030.56287, -103.03230, 38.07140,   0.00000, 0.00000, 0.00000);
CreateObject(11548, -2071.52148, -117.39730, 33.76060,   0.74000, -1.92000, -5.04000);
CreateObject(11548, -2071.60205, 0.00000, 33.92060,   0.00000, -1.82000, -5.04000);
CreateObject(11548, -2076.92896, -118.61730, 33.78060,   0.74000, -1.82000, -5.04000);
CreateObject(11548, -2082.08105, -118.79730, 33.78060,   0.74000, -1.82000, -5.04000);
CreateObject(11548, -2087.46753, -118.09730, 33.78060,   0.74000, -1.82000, -5.04000);
CreateObject(11548, -2092.86035, -117.85730, 33.78060,   0.74000, -1.82000, -5.04000);
CreateObject(11548, -2098.56641, -117.81730, 33.78060,   0.74000, -1.82000, -5.04000);
CreateObject(11548, -2104.78320, -117.39730, 33.78060,   0.74000, -1.82000, -5.04000);
CreateObject(8042, -2046.18921, -102.93510, 39.86180,   0.00000, 0.00000, 104.54000);
CreateObject(7922, -2030.00000, 8879.00000, -122.00000,   0.00000, 0.00000, 0.00000);
CreateObject(7922, -2029.00000, 7219.00000, -106.00000,   0.00000, 0.00000, 0.00000);
CreateObject(7922, -2019.00000, 8267.00000, -121.00000,   0.00000, 0.00000, 0.00000);
CreateObject(19466, -2031.90186, -106.65220, 34.16590,   0.00000, 0.00000, 0.00000);
CreateObject(19466, -2031.90186, -106.65220, 36.08590,   0.00000, 0.00000, 0.00000);
CreateObject(19124, -2036.27124, -212.85950, 34.85840,   0.00000, 0.00000, 0.00000);
CreateObject(19124, -2026.65161, -212.85950, 34.85840,   0.00000, 0.00000, 0.00000);
CreateObject(18761, -2031.36707, -170.64510, 39.32010,   0.00000, 0.00000, 0.00000);
CreateObject(19124, -2026.46094, -203.77950, 34.85840,   0.00000, 0.00000, 0.00000);
CreateObject(19124, -2036.30969, -203.82341, 34.85840,   0.00000, 0.00000, 0.00000);
CreateObject(19124, -2026.65161, -220.27950, 34.85840,   0.00000, 0.00000, 0.00000);
CreateObject(19124, -2036.30786, -221.96988, 34.85840,   0.00000, 0.00000, 0.00000);
CreateObject(19124, -2023.39233, -226.15794, 34.85840,   0.00000, 0.00000, 0.00000);
CreateObject(19124, -2032.51123, -229.35950, 34.85840,   0.00000, 0.00000, 0.00000);
CreateObject(19124, -2036.30969, -196.04340, 34.85840,   0.00000, 0.00000, 0.00000);
CreateObject(19124, -2026.46094, -196.04340, 34.85840,   0.00000, 0.00000, 0.00000);
CreateObject(19124, -2030.39185, -235.11174, 34.85840,   0.00000, 0.00000, 0.00000);
CreateObject(19124, -2019.31006, -231.81097, 34.85840,   0.00000, 0.00000, 0.00000);
CreateObject(19124, -2015.08447, -238.29988, 34.85840,   0.00000, 0.00000, 0.00000);
CreateObject(19124, -2026.10730, -240.72551, 34.85840,   0.00000, 0.00000, 0.00000);
CreateObject(19124, -2012.59216, -247.15192, 34.85840,   0.00000, 0.00000, 0.00000);
CreateObject(19124, -2025.10925, -247.95946, 34.85840,   0.00000, 0.00000, 0.00000);
CreateObject(19124, -2015.90576, -257.80649, 34.85840,   0.00000, 0.00000, 0.00000);
CreateObject(19124, -2028.41809, -253.80844, 34.85840,   0.00000, 0.00000, 0.00000);
CreateObject(8843, -2030.96179, -205.23750, 34.33580,   0.00000, 0.00000, 180.00000);
CreateObject(8843, -2024.46143, -233.01477, 34.33580,   0.00000, 0.00000, 210.12000);
CreateObject(19124, -2025.84363, -272.12857, 34.85840,   0.00000, 0.00000, 0.00000);
CreateObject(19124, -2032.86890, -257.48993, 34.85840,   0.00000, 0.00000, 0.00000);
CreateObject(19124, -2036.73303, -258.44388, 34.85840,   0.00000, 0.00000, 0.00000);
CreateObject(19124, -2019.37598, -265.17105, 34.85840,   0.00000, 0.00000, 0.00000);
CreateObject(19124, -2036.30969, -186.04340, 34.85840,   0.00000, 0.00000, 0.00000);
CreateObject(19124, -2026.46094, -186.04340, 34.85840,   0.00000, 0.00000, 0.00000);
CreateObject(8843, -2030.96179, -181.11749, 34.33580,   0.00000, 0.00000, 180.00000);
CreateObject(19124, -2035.13855, -274.87747, 34.85840,   0.00000, 0.00000, 0.00000);
CreateObject(19124, -2042.59802, -272.56921, 34.85840,   0.00000, 0.00000, 0.00000);
CreateObject(19124, -2040.05103, -253.81210, 34.85840,   0.00000, 0.00000, 0.00000);
CreateObject(19124, -2054.39697, -265.01923, 34.85840,   0.00000, 0.00000, 0.00000);
CreateObject(19124, -2037.42041, -245.70892, 34.85840,   0.00000, 0.00000, 0.00000);
CreateObject(19124, -2049.30078, -269.83167, 34.85840,   0.00000, 0.00000, 0.00000);
CreateObject(19124, -2056.30615, -258.16425, 34.85840,   0.00000, 0.00000, 0.00000);
CreateObject(19124, -2054.48315, -251.61201, 34.85840,   0.00000, 0.00000, 0.00000);
CreateObject(19124, -2053.17529, -243.49268, 34.85840,   0.00000, 0.00000, 0.00000);
CreateObject(19124, -2036.57715, -235.65657, 34.85840,   0.00000, 0.00000, 0.00000);
CreateObject(19124, -2039.37292, -227.02589, 34.85840,   0.00000, 0.00000, 0.00000);
CreateObject(19124, -2043.26917, -221.86914, 34.85840,   0.00000, 0.00000, 0.00000);
CreateObject(19124, -2049.43555, -218.28853, 34.85840,   0.00000, 0.00000, 0.00000);
CreateObject(19124, -2059.38062, -217.85619, 34.85840,   0.00000, 0.00000, 0.00000);
CreateObject(19124, -2068.94897, -223.53644, 34.85840,   0.00000, 0.00000, 0.00000);
CreateObject(19124, -2053.46411, -238.10345, 34.85840,   0.00000, 0.00000, 0.00000);
CreateObject(19124, -2056.45776, -237.52921, 34.85840,   0.00000, 0.00000, 0.00000);
CreateObject(19124, -2058.43457, -241.50342, 34.85840,   0.00000, 0.00000, 0.00000);
CreateObject(19124, -2072.85400, -233.71346, 34.85840,   0.00000, 0.00000, 0.00000);
CreateObject(19124, -2059.81592, -248.85646, 34.85840,   0.00000, 0.00000, 0.00000);
CreateObject(19124, -2060.42749, -255.50166, 34.85840,   0.00000, 0.00000, 0.00000);
CreateObject(19124, -2067.07373, -262.80554, 34.85840,   0.00000, 0.00000, 0.00000);
CreateObject(19124, -2076.79395, -264.19681, 34.85840,   0.00000, 0.00000, 0.00000);
CreateObject(19124, -2086.56470, -257.34436, 34.85840,   0.00000, 0.00000, 0.00000);
CreateObject(19124, -2092.84326, -247.41382, 34.85840,   0.00000, 0.00000, 0.00000);
CreateObject(19124, -2093.59277, -239.69772, 34.85840,   0.00000, 0.00000, 0.00000);
CreateObject(19124, -2072.77173, -241.34683, 34.85840,   0.00000, 0.00000, 0.00000);
CreateObject(19124, -2074.32129, -245.27863, 34.85840,   0.00000, 0.00000, 0.00000);
CreateObject(19124, -2075.74243, -240.95735, 34.85840,   0.00000, 0.00000, 0.00000);
CreateObject(19124, -2075.28711, -233.08842, 34.85840,   0.00000, 0.00000, 0.00000);
CreateObject(19124, -2074.21509, -224.77399, 34.85840,   0.00000, 0.00000, 0.00000);
CreateObject(19124, -2089.71313, -227.18941, 34.85840,   0.00000, 0.00000, 0.00000);
CreateObject(19124, -2085.88550, -214.89111, 34.85840,   0.00000, 0.00000, 0.00000);
CreateObject(19124, -2081.63623, -206.29359, 34.85840,   0.00000, 0.00000, 0.00000);
CreateObject(19124, -2066.27661, -217.19466, 34.85840,   0.00000, 0.00000, 0.00000);
CreateObject(19124, -2059.41138, -214.68138, 34.85840,   0.00000, 0.00000, 0.00000);
CreateObject(19124, -2051.15845, -214.11887, 34.85840,   0.00000, 0.00000, 0.00000);
CreateObject(19124, -2045.39709, -210.20235, 34.85840,   0.00000, 0.00000, 0.00000);
CreateObject(19124, -2041.95044, -203.17406, 34.85840,   0.00000, 0.00000, 0.00000);
CreateObject(19124, -2042.55774, -194.56560, 34.85840,   0.00000, 0.00000, 0.00000);
CreateObject(19124, -2043.71948, -188.30341, 34.85840,   0.00000, 0.00000, 0.00000);
CreateObject(19124, -2047.98267, -177.07530, 34.85840,   0.00000, 0.00000, 0.00000);
CreateObject(19124, -2074.78979, -201.40053, 34.85840,   0.00000, 0.00000, 0.00000);
CreateObject(19124, -2068.08838, -199.36122, 34.85840,   0.00000, 0.00000, 0.00000);
CreateObject(19124, -2061.78687, -198.29733, 34.85840,   0.00000, 0.00000, 0.00000);
CreateObject(19124, -2059.39526, -191.91634, 34.85840,   0.00000, 0.00000, 0.00000);
CreateObject(19124, -2060.76440, -185.37674, 34.85840,   0.00000, 0.00000, 0.00000);
CreateObject(19124, -2061.71069, -177.32130, 34.85840,   0.00000, 0.00000, 0.00000);
CreateObject(18761, -2055.08716, -170.64510, 39.32010,   0.00000, 0.00000, 0.00000);
CreateObject(8843, -2044.56445, -259.86993, 34.33580,   -0.38000, 0.00000, 40.44000);
CreateObject(8843, -2047.09912, -244.34230, 34.33580,   0.00000, 0.00000, -0.50000);
CreateObject(8843, -2044.88708, -231.66884, 34.33580,   0.30000, 0.00000, 60.48000);
CreateObject(8843, -2055.48169, -226.06322, 34.33580,   0.30000, 0.00000, 120.48000);
CreateObject(8843, -2063.56396, -234.26590, 34.33580,   0.30000, 0.00000, 168.28000);
CreateObject(8843, -2063.58032, -249.06406, 34.33580,   0.30000, 0.00000, 120.72000);
CreateObject(8843, -2073.77515, -256.01633, 34.33580,   0.30000, 0.00000, 47.90000);
CreateObject(8843, -2083.51318, -246.27495, 34.33580,   0.30000, 0.00000, 5.90000);
CreateObject(8843, -2083.79663, -230.72095, 34.33580,   0.30000, 0.00000, -20.90000);
CreateObject(8843, -2078.86890, -217.87572, 34.33580,   0.30000, 0.00000, -40.90000);
CreateObject(8843, -2070.13330, -208.88202, 34.33580,   0.30000, 0.00000, -80.90000);
CreateObject(8843, -2056.62012, -207.69882, 34.33580,   0.30000, 0.00000, -40.82000);
CreateObject(8843, -2048.63208, -194.69987, 34.33580,   0.30000, 0.00000, 20.90000);
CreateObject(8843, -2055.06006, -182.26094, 34.33580,   0.30000, 0.00000, 0.90000);
CreateObject(18766, -2024.10291, -103.03230, 36.19140,   0.00000, 0.00000, 0.00000);
CreateObject(18766, -2024.12830, -102.97553, 38.07140,   0.00000, 0.00000, 0.00000);
CreateObject(18766, -2030.60291, -103.01230, 36.19140,   0.00000, 0.00000, 0.00000);
CreateObject(18766, -2030.56287, -103.03230, 38.07140,   0.00000, 0.00000, 0.00000);
CreateObject(11548, -2071.52148, -117.39730, 33.76060,   0.74000, -1.92000, -5.04000);
CreateObject(11548, -2071.60205, 0.00000, 33.92060,   0.00000, -1.82000, -5.04000);
CreateObject(11548, -2076.92896, -118.61730, 33.78060,   0.74000, -1.82000, -5.04000);
CreateObject(11548, -2082.08105, -118.79730, 33.78060,   0.74000, -1.82000, -5.04000);
CreateObject(11548, -2087.46753, -118.09730, 33.78060,   0.74000, -1.82000, -5.04000);
CreateObject(11548, -2092.86035, -117.85730, 33.78060,   0.74000, -1.82000, -5.04000);
CreateObject(11548, -2098.56641, -117.81730, 33.78060,   0.74000, -1.82000, -5.04000);
CreateObject(11548, -2104.78320, -117.39730, 33.78060,   0.74000, -1.82000, -5.04000);
CreateObject(8042, -2046.18921, -102.93510, 39.86180,   0.00000, 0.00000, 104.54000);
CreateObject(19129, -2021.93066, -113.46620, 34.27390,   0.00000, 0.00000, 0.00000);
CreateObject(7922, -2030.00000, 8879.00000, -122.00000,   0.00000, 0.00000, 0.00000);
CreateObject(7922, -2029.00000, 7219.00000, -106.00000,   0.00000, 0.00000, 0.00000);
CreateObject(7922, -2019.00000, 8267.00000, -121.00000,   0.00000, 0.00000, 0.00000);
CreateObject(19466, -2031.92188, -107.75220, 33.58590,   0.00000, 0.00000, 0.00000);
CreateObject(19466, -2031.92188, -107.75220, 35.50590,   0.00000, 0.00000, 0.00000);
CreateObject(8843, -2040.94092, -113.94395, 34.17580,   0.30000, 0.00000, 0.00000);
CreateObject(8843, -2050.68066, -113.94400, 34.23580,   -0.44000, 0.00000, 180.00000);
CreateObject(19358, -2031.90540, -105.12950, 35.68200,   0.00000, 0.00000, 0.00000);
CreateObject(19388, -2031.90540, -114.10950, 35.69290,   0.00000, 0.00000, 0.00000);
CreateObject(19466, -2031.92188, -109.99220, 35.50590,   0.00000, 0.00000, 0.00000);
CreateObject(19466, -2031.92188, -112.23220, 35.50590,   0.00000, 0.00000, 0.00000);
CreateObject(19466, -2031.92188, -109.99220, 33.58590,   0.00000, 0.00000, 0.00000);
CreateObject(19466, -2031.92188, -112.23220, 33.58590,   0.00000, 0.00000, 0.00000);
CreateObject(19466, -2031.92029, -116.83210, 35.50590,   0.00000, 0.00000, 0.00000);
CreateObject(19358, -2031.90540, -121.80950, 35.68200,   0.00000, 0.00000, 0.00000);
CreateObject(19466, -2031.92029, -119.07210, 35.50590,   0.00000, 0.00000, 0.00000);
CreateObject(19466, -2031.92029, -119.07210, 33.58590,   0.00000, 0.00000, 0.00000);
CreateObject(19466, -2031.92029, -116.83210, 33.58590,   0.00000, 0.00000, 0.00000);
CreateObject(19129, -2021.93066, -113.46620, 37.37390,   0.00000, 0.00000, 0.00000);
CreateObject(19358, -2030.38892, -123.48720, 35.68200,   0.00000, 0.00000, 90.00000);
CreateObject(19358, -2027.18884, -123.48720, 35.68200,   0.00000, 0.00000, 90.00000);
CreateObject(19358, -2014.38965, -123.48720, 35.68200,   0.00000, 0.00000, 90.00000);
CreateObject(19358, -2013.44958, -123.48680, 35.68200,   0.00000, 0.00000, 90.00000);
CreateObject(19466, -2031.91833, -122.44860, 37.42590,   0.00000, 0.00000, 0.00000);
CreateObject(5822, -2026.59766, -122.85520, 31.88760,   0.00000, 0.00000, 183.16000);
CreateObject(11548, -2104.70996, -135.06108, 33.78060,   0.74000, -1.82000, -5.04000);
CreateObject(11548, -2098.56641, -134.64290, 33.78060,   0.74000, -1.82000, -5.04000);
CreateObject(11548, -2092.86035, -117.85730, 33.78060,   0.74000, -1.82000, -5.04000);
CreateObject(11548, -2092.86035, -117.85730, 33.78060,   0.74000, -1.82000, -5.04000);
CreateObject(11548, -2092.86035, -117.85730, 33.78060,   0.74000, -1.82000, -5.04000);
CreateObject(11548, -2092.86035, -134.48840, 33.78060,   0.74000, -1.82000, -5.04000);
CreateObject(11548, -2087.46753, -134.39349, 33.78060,   0.74000, -1.82000, -5.04000);
CreateObject(11548, -2082.08105, -134.21429, 33.78060,   0.74000, -1.82000, -5.04000);
CreateObject(11548, -2076.92896, -134.30009, 33.78060,   0.74000, -1.82000, -5.04000);
CreateObject(11548, -2071.56152, -133.64450, 33.76060,   0.74000, -1.92000, -5.04000);
CreateObject(19466, -2031.91833, -120.20860, 37.42590,   0.00000, 0.00000, 0.00000);
CreateObject(19466, -2031.91833, -117.96860, 37.42590,   0.00000, 0.00000, 0.00000);
CreateObject(19466, -2031.91833, -115.72860, 37.42590,   0.00000, 0.00000, 0.00000);
CreateObject(19466, -2031.91833, -113.48860, 37.42590,   0.00000, 0.00000, 0.00000);
CreateObject(19466, -2031.91833, -111.24860, 37.42590,   0.00000, 0.00000, 0.00000);
CreateObject(19466, -2031.91833, -109.00860, 37.42590,   0.00000, 0.00000, 0.00000);
CreateObject(19466, -2031.91833, -106.76860, 37.42590,   0.00000, 0.00000, 0.00000);
CreateObject(19466, -2031.91833, -104.52860, 37.42590,   0.00000, 0.00000, 0.00000);
CreateObject(19466, -2028.54114, -123.56770, 37.42590,   0.00000, 0.00000, 90.00000);
CreateObject(19466, -2026.30115, -123.56770, 37.42590,   0.00000, 0.00000, 90.00000);
CreateObject(19466, -2024.06116, -123.56770, 37.42590,   0.00000, 0.00000, 90.00000);
CreateObject(19466, -2024.06116, -123.56770, 37.42590,   0.00000, 0.00000, 90.00000);
CreateObject(19466, -2021.82117, -123.56770, 37.42590,   0.00000, 0.00000, 90.00000);
CreateObject(19466, -2019.58118, -123.56770, 37.42590,   0.00000, 0.00000, 90.00000);
CreateObject(19466, -2017.34119, -123.56770, 37.42590,   0.00000, 0.00000, 90.00000);
CreateObject(19466, -2015.10120, -123.56770, 37.42590,   0.00000, 0.00000, 90.00000);
CreateObject(19466, -2012.86121, -123.56770, 37.42590,   0.00000, 0.00000, 90.00000);
CreateObject(19466, -2015.10120, -123.56770, 35.48590,   0.00000, 0.00000, 90.00000);
CreateObject(19466, -2017.34119, -123.56770, 35.50590,   0.00000, 0.00000, 90.00000);
CreateObject(19466, -2019.58118, -123.56770, 35.50590,   0.00000, 0.00000, 90.00000);
CreateObject(19466, -2021.82117, -123.56770, 35.50590,   0.00000, 0.00000, 90.00000);
CreateObject(19466, -2024.06116, -123.56770, 35.50590,   0.00000, 0.00000, 90.00000);
CreateObject(19466, -2026.30115, -123.56770, 35.50590,   0.00000, 0.00000, 90.00000);
CreateObject(19466, -2026.28113, -123.56770, 33.58590,   0.00000, 0.00000, 90.00000);
CreateObject(19466, -2024.04114, -123.56770, 33.58590,   0.00000, 0.00000, 90.00000);
CreateObject(19466, -2021.80115, -123.56770, 33.58590,   0.00000, 0.00000, 90.00000);
CreateObject(19466, -2019.56116, -123.56770, 33.58590,   0.00000, 0.00000, 90.00000);
CreateObject(19466, -2017.32117, -123.56770, 33.58590,   0.00000, 0.00000, 90.00000);
CreateObject(19466, -2015.08118, -123.56770, 33.58590,   0.00000, 0.00000, 90.00000);
CreateObject(16151, -2013.00647, -108.37320, 34.65830,   0.00000, 0.00000, 0.00000);
CreateObject(1824, -2018.08179, -116.15090, 37.95640,   0.00000, 0.00000, 0.00000);
CreateObject(2639, -2028.95496, -103.97420, 37.93340,   0.00000, 0.00000, 180.00000);
CreateObject(2639, -2026.77502, -103.97420, 37.93340,   0.00000, 0.00000, 180.00000);
CreateObject(2639, -2028.95496, -107.15420, 37.93340,   0.00000, 0.00000, 0.00000);
CreateObject(2639, -2026.77502, -107.15420, 37.93340,   0.00000, 0.00000, 0.00000);
CreateObject(2639, -2022.63501, -107.15420, 37.93340,   0.00000, 0.00000, 0.00000);
CreateObject(2639, -2020.45496, -107.15420, 37.93340,   0.00000, 0.00000, 0.00000);
CreateObject(2639, -2022.63501, -103.97420, 37.93340,   0.00000, 0.00000, 180.00000);
CreateObject(2639, -2020.45349, -103.97420, 37.93340,   0.00000, 0.00000, 180.00000);
CreateObject(2639, -2016.21350, -104.25420, 37.93340,   0.00000, 0.00000, 180.00000);
CreateObject(2639, -2014.07349, -104.25420, 37.93340,   0.00000, 0.00000, 180.00000);
CreateObject(2639, -2016.21350, -107.15420, 37.93340,   0.00000, 0.00000, 0.00000);
CreateObject(2639, -2014.07349, -107.15420, 37.93340,   0.00000, 0.00000, 0.00000);
CreateObject(1523, -2031.87683, -114.87220, 33.93330,   0.00000, 0.00000, 90.00000);
CreateObject(1896, -2018.27563, -120.78840, 38.41620,   0.00000, 0.00000, 0.00000);
CreateObject(1896, -2025.47278, -120.86880, 38.41620,   0.00000, 0.00000, 0.00000);
CreateObject(1824, -2025.21204, -116.13365, 37.95640,   0.00000, 0.00000, 0.00000);
CreateObject(1826, -2014.11133, -112.28236, 37.43120,   0.00000, 0.00000, 90.00000);
CreateObject(14820, -2014.14038, -111.65800, 38.35200,   0.00000, 0.00000, 90.00000);
CreateObject(2229, -2013.91101, -113.58374, 37.43700,   0.00000, 0.00000, 270.00000);
CreateObject(2229, -2013.91101, -110.32370, 37.43700,   0.00000, 0.00000, 270.00000);
CreateObject(2229, -2017.96802, -103.84590, 37.43700,   0.00000, 0.00000, 0.00000);
CreateObject(2229, -2011.96802, -103.84590, 37.43700,   0.00000, 0.00000, 0.00000);
CreateObject(2229, -2024.32800, -103.60590, 37.43700,   0.00000, 0.00000, 0.00000);
CreateObject(2229, -2030.70801, -103.60590, 37.43700,   0.00000, 0.00000, 0.00000);
CreateObject(8843, -2023.69788, -258.06644, 34.33580,   -0.38000, 0.00000, 150.08000);
CreateObject(8843, -2033.43091, -267.99347, 34.33580,   -0.38000, 0.00000, 120.00000);
CreateObject(1825, -2022.52100, -116.96993, 34.33697,   0.00000, 0.00000, 0.00000);
CreateObject(1825, -2021.33691, -108.92849, 34.33697,   0.00000, 0.00000, 0.00000);
CreateObject(1825, -2026.41980, -110.12610, 34.33697,   0.00000, 0.00000, 0.00000);
CreateObject(1825, -2026.41980, -110.12610, 34.33697,   0.00000, 0.00000, 0.00000);
CreateObject(1825, -2025.43188, -117.92634, 34.33697,   0.00000, 0.00000, 0.00000);
CreateObject(2639, -2012.35864, -115.79190, 34.93690,   0.00000, 0.00000, 90.00000);
CreateObject(2639, -2012.35864, -117.95190, 34.93690,   0.00000, 0.00000, 90.00000);
CreateObject(2639, -2012.35864, -120.09190, 34.93690,   0.00000, 0.00000, 90.00000);
CreateObject(2639, -2012.35864, -122.23190, 34.93690,   0.00000, 0.00000, 90.00000);
CreateObject(2639, -2015.25854, -115.79190, 34.93690,   0.00000, 0.00000, 270.00000);
CreateObject(2639, -2015.25854, -117.97190, 34.93690,   0.00000, 0.00000, 270.00000);
CreateObject(2639, -2015.25854, -120.15190, 34.93690,   0.00000, 0.00000, 270.00000);
CreateObject(2639, -2015.25854, -122.29190, 34.93690,   0.00000, 0.00000, 270.00000);
